% This is the data file for the 68-Bus Benchmark system with 16-machines
% and 86-lines. The data is partially taken from the book "Robust Control 
% in Power Systems" by B. Pal and B. Chaudhuri, with some of the parameters
% modified to meet the requirements of PSAT-2.1.9.
% Author: Ilias Zenelis
% Affiliation: McGill University
% Date: January 2019

Bus.con = [...
    1 1.00 1.045   -0.1562 1 1; 
    2 1.00 0.98    -0.0171 1 1;
    3 1.00 0.983    0.0282 1 1;
    4 1.00 0.997    0.0292 1 1;
    5 1.00 1.011   -0.0109 1 1;
    6 1.00 1.050    0.0671 1 1;
    7 1.00 1.063    0.1053 1 1;
    8 1.00 1.03    -0.0495 1 1;
    9 1.00 1.025    0.0464 1 1;
   10 1.00 1.010   -0.1682 2 1;
   11 1.00 1.000   -0.1260 2 1;
   12 1.00 1.0156  -0.3949 2 1;
   13 1.00 1.011   -0.5000 2 1;
   14 1.00 1.00     0.1913 3 1;
   15 1.00 1.000    0.0003 4 1;
   16 1.00 1.000    0.00   5 1;
   17 1.00 0.9499  -0.6287 2 1;
   18 1.00 1.0023  -0.1013 5 1;
   19 1.00 0.9320  -0.0743 1 1;
   20 1.00 0.9806  -0.1025 1 1;
   21 1.00 0.9603  -0.1230 1 1;
   22 1.00 0.9937  -0.0314 1 1;
   23 1.00 0.9961  -0.0376 1 1;
   24 1.00 0.9587  -0.1723 1 1;
   25 1.00 0.9981  -0.1745 1 1;
   26 1.00 0.9869  -0.1923 1 1;
   27 1.00 0.9679  -0.2243 1 1;
   28 1.00 0.9897  -0.1308 1 1;
   29 1.00 0.9921  -0.0793 1 1;
   30 1.00 0.9762  -0.3439 2 1;
   31 1.00 0.9838  -0.3047 2 1;
   32 1.00 0.9699  -0.2659 2 1;
   33 1.00 0.9738  -0.3448 2 1;
   34 1.00 0.9801  -0.4557 2 1;
   35 1.00 1.0431  -0.4727 2 1;
   36 1.00 0.9607  -0.5030 2 1;
   37 1.00 0.9555  -0.2057 1 1;
   38 1.00 0.9890  -0.3273 2 1;
   39 1.00 0.9916  -0.6857 2 1;
   40 1.00 1.0443  -0.2380 2 1;
   41 1.00 0.9997   0.1645 3 1;
   42 1.00 0.9990  -0.0147 4 1;
   43 1.00 0.9765  -0.6615 2 1;
   44 1.00 0.9775  -0.6629 2 1;
   45 1.00 1.0471  -0.5124 2 1;
   46 1.00 0.9903  -0.3583 2 1;
   47 1.00 1.0184  -0.3402 2 1;
   48 1.00 1.0338  -0.3207 2 1;
   49 1.00 0.9936  -0.3459 2 1;
   50 1.00 1.0603  -0.3325 2 1;
   51 1.00 1.0634  -0.4762 2 1;
   52 1.00 0.9545  -0.2239 1 1;
   53 1.00 0.9864  -0.3304 2 1;
   54 1.00 0.9857  -0.2013 1 1;
   55 1.00 0.9571  -0.2306 1 1;
   56 1.00 0.9209  -0.2087 1 1;
   57 1.00 0.9102  -0.1956 1 1;
   58 1.00 0.9090  -0.1815 1 1;
   59 1.00 0.9038  -0.2322 1 1;
   60 1.00 0.9062  -0.2449 1 1;
   61 1.00 0.9557  -0.4052 2 1;
   62 1.00 0.9122  -0.1275 1 1;
   63 1.00 0.9097  -0.1460 1 1;
   64 1.00 0.8367  -0.1461 1 1;
   65 1.00 0.9128  -0.1427 1 1;
   66 1.00 0.9194  -0.1778 1 1;
   67 1.00 0.9280  -0.1994 1 1;
   68 1.00 0.9483  -0.1757 1 1;]; 



SW.con = [ ...
  16 100.0 1.00 1.00 0.00 0.8 -0.2 1.1 0.9 40.00 1];
   


PV.con = [ ...
  1 100.0 1.00 2.5   1.045  0.8 -0.2   1.1 0.9 1;
  2 100.0 1.00 5.45  0.98   0.8 -0.2   1.1 0.9 1;
  3 100.0 1.00 6.50  0.983  0.8 -0.2   1.1 0.9 1;
  4 100.0 1.00 6.32  0.997  0.8 -0.2   1.1 0.9 1;
  5 100.0 1.00 5.052 1.011  0.8 -0.2   1.1 0.9 1;
  6 100.0 1.00 7.00  1.050  0.8 -0.2   1.1 0.9 1;
  7 100.0 1.00 5.60  1.063  0.8 -0.2   1.1 0.9 1;
  8 100.0 1.00 5.40  1.03   0.8 -0.2   1.1 0.9 1;
  9 100.0 1.00 8.00  1.025  0.8 -0.2   1.1 0.9 1;
 10 100.0 1.00 5.00  1.010  0.8 -0.2   1.1 0.9 1;
 11 100.0 1.00 10.00 1.000  0.8 -0.2   1.1 0.9 1;
 12 100.0 1.00 13.50 1.0156 0.8 -0.2   1.1 0.9 1;
 13 100.0 1.00 35.91 1.011  0.8 -0.2   1.1 0.9 1;
 14 100.0 1.00 17.85 1.00   0.8 -0.2   1.1 0.9 1;
 15 100.0 1.00 10.00 1.00   0.8 -0.2   1.1 0.9 1;];



PQ.con = [ ...
  17 100.0 1.00 60.00  3.00     1.1 0.9 1;
  18 100.0 1.00 24.70  1.23     1.1 0.9 1;
  19 100.0 1.00 0      0        1.1 0.9 1;
  20 100.0 1.00 6.80   1.03     1.1 0.9 1;
  21 100.0 1.00 2.740  1.15     1.1 0.9 1;
  22 100.0 1.00 0      0        1.1 0.9 1;
  23 100.0 1.00 2.48   0.85     1.1 0.9 1;
  24 100.0 1.00 3.09   -0.92    1.1 0.9 1;
  25 100.0 1.00 2.24   0.47     1.1 0.9 1;
  26 100.0 1.00 1.39   0.17     1.1 0.9 1;
  27 100.0 1.00 2.81   0.76     1.1 0.9 1;
  28 100.0 1.00 2.06   0.28     1.1 0.9 1;
  29 100.0 1.00 2.84   0.27     1.1 0.9 1;
  30 100.0 1.00 0      0        1.1 0.9 1;
  31 100.0 1.00 0      0        1.1 0.9 1;
  32 100.0 1.00 0      0        1.1 0.9 1;
  33 100.0 1.00 1.12   0        1.1 0.9 1;
  34 100.0 1.00 0      0        1.1 0.9 1;
  35 100.0 1.00 0      0        1.1 0.9 1;
  36 100.0 1.00 1.02   -0.1946  1.1 0.9 1;
  37 100.0 1.00 0      0        1.1 0.9 1;
  38 100.0 1.00 0      0        1.1 0.9 1;
  39 100.0 1.00 2.67   0.126    1.1 0.9 1;
  40 100.0 1.00 0.6563 0.2353   1.1 0.9 1;
  41 100.0 1.00 10.0   2.50     1.1 0.9 1;
  42 100.0 1.00 11.50  2.50     1.1 0.9 1;
  43 100.0 1.00 0      0        1.1 0.9 1;
  44 100.0 1.00 2.6755 0.0484   1.1 0.9 1;
  45 100.0 1.00 2.08   0.21     1.1 0.9 1;
  46 100.0 1.00 1.507  0.285    1.1 0.9 1;
  47 100.0 1.00 2.0312 0.3259   1.1 0.9 1;
  48 100.0 1.00 2.4120 0.022    1.1 0.9 1;
  49 100.0 1.00 1.64   0.29     1.1 0.9 1;
  50 100.0 1.00 1.00   -1.47    1.1 0.9 1;
  51 100.0 1.00 3.37   -1.22    1.1 0.9 1;
  52 100.0 1.00 1.58   0.3      1.1 0.9 1;
  53 100.0 1.00 2.527  1.1856   1.1 0.9 1;
  54 100.0 1.00 0      0        1.1 0.9 1;
  55 100.0 1.00 3.22   0.02     1.1 0.9 1;
  56 100.0 1.00 2.00   0.736    1.1 0.9 1;
  57 100.0 1.00 0      0        1.1 0.9 1;
  58 100.0 1.00 0      0        1.1 0.9 1;
  59 100.0 1.00 2.34   0.84     1.1 0.9 1;
  60 100.0 1.00 2.088  0.708    1.1 0.9 1;
  61 100.0 1.00 1.04   1.25     1.1 0.9 1;
  62 100.0 1.00 0      0        1.1 0.9 1;
  63 100.0 1.00 0      0        1.1 0.9 1;
  64 100.0 1.00 0.09   0.88     1.1 0.9 1;
  65 100.0 1.00 0      0        1.1 0.9 1;
  66 100.0 1.00 0      0        1.1 0.9 1;
  67 100.0 1.00 3.20   1.53     1.1 0.9 1;
  68 100.0 1.00 3.29   0.32     1.1 0.9 1;
  ];

PQ.con(:,8) = zeros(52,1);



Line.con =[...                     
    1   54 100.00   1.00 60 0  1.00       0  0.0181         0    1.0250       0.00000 0    0.000    0.000 1;
    2   58 100.00   1.00 60 0  1.00       0  0.0250         0    1.0700       0.00000 0    0.000    0.000 1;
    3   62 100.00   1.00 60 0  1.00       0  0.0200         0    1.0700       0.00000 0    0.000    0.000 1;
    4   19 100.00   1.00 60 0  1.00  0.0007  0.0142         0    1.0700       0.00000 0    0.000    0.000 1;
    5   20 100.00   1.00 60 0  1.00  0.0009  0.0180         0    1.0090       0.00000 0    0.000    0.000 1;
    6   22 100.00   1.00 60 0  1.00       0  0.0143         0    1.0250       0.00000 0    0.000    0.000 1;
    7   23 100.00   1.00 60 0  0.00  0.0005  0.0272         0    0.0000       0.00000 0    0.000    0.000 1;
    8   25 100.00   1.00 60 0  1.00  0.0006  0.0232         0    1.0250       0.00000 0    0.000    0.000 1;
    9   29 100.00   1.00 60 0  1.00  0.0008  0.0156         0    1.0250       0.00000 0    0.000    0.000 1;
   10   31 100.00   1.00 60 0  1.00       0  0.0260         0    1.0400       0.00000 0    0.000    0.000 1;
   11   32 100.00   1.00 60 0  1.00       0  0.0130         0    1.0400       0.00000 0    0.000    0.000 1;
   12   36 100.00   1.00 60 0  1.00       0  0.0075         0    1.0400       0.00000 0    0.000    0.000 1;
   13   17 100.00   1.00 60 0  1.00       0  0.0033         0    1.0400       0.00000 0    0.000    0.000 1;
   14   41 100.00   1.00 60 0  0.00       0  0.0015         0    0.0000       0.00000 0    0.000    0.000 1;
   15   42 100.00   1.00 60 0  0.00       0  0.0015         0    0.0000       0.00000 0    0.000    0.000 1;
   16   18 100.00   1.00 60 0  0.00       0  0.0030         0    0.0000       0.00000 0    0.000    0.000 1;
   17   36 100.00   1.00 60 0  0.00  0.0005  0.0045    0.3200    0.0000       0.00000 0    0.000    0.000 1;
   18   49 100.00   1.00 60 0  0.00  0.0076  0.1141    1.1600    0.0000       0.00000 0    0.000    0.000 1;
   18   50 100.00   1.00 60 0  0.00  0.0012  0.0288    2.0600    0.0000       0.00000 0    0.000    0.000 1;
   19   68 100.00   1.00 60 0  0.00  0.0016  0.0195    0.3040    0.0000       0.00000 0    0.000    0.000 1;
   20   19 100.00   1.00 60 0  1.00  0.0007  0.0138         0    1.0600       0.00000 0    0.000    0.000 1;
   21   68 100.00   1.00 60 0  0.00  0.0008  0.0135    0.2548    0.0000       0.00000 0    0.000    0.000 1;
   22   21 100.00   1.00 60 0  0.00  0.0008  0.0140    0.2565    0.0000       0.00000 0    0.000    0.000 1;
   23   22 100.00   1.00 60 0  0.00  0.0006  0.0096    0.1846    0.0000       0.00000 0    0.000    0.000 1;
   24   23 100.00   1.00 60 0  0.00  0.0022  0.0350    0.3610    0.0000       0.00000 0    0.000    0.000 1;
   24   68 100.00   1.00 60 0  0.00  0.0003  0.0059    0.0680    0.0000       0.00000 0    0.000    0.000 1;
   25   54 100.00   1.00 60 0  0.00  0.0070  0.0086    0.1460    0.0000       0.00000 0    0.000    0.000 1;
   26   25 100.00   1.00 60 0  0.00  0.0032  0.0323    0.5310    0.0000       0.00000 0    0.000    0.000 1;
   27   37 100.00   1.00 60 0  0.00  0.0013  0.0173    0.3216    0.0000       0.00000 0    0.000    0.000 1;
   27   26 100.00   1.00 60 0  0.00  0.0014  0.0147    0.2396    0.0000       0.00000 0    0.000    0.000 1;
   28   26 100.00   1.00 60 0  0.00  0.0043  0.0474    0.7802    0.0000       0.00000 0    0.000    0.000 1;
   29   26 100.00   1.00 60 0  0.00  0.0057  0.0625    1.0290    0.0000       0.00000 0    0.000    0.000 1;
   29   28 100.00   1.00 60 0  0.00  0.0014  0.0151    0.2490    0.0000       0.00000 0    0.000    0.000 1;
   30   53 100.00   1.00 60 0  0.00  0.0008  0.0074    0.4800    0.0000       0.00000 0    0.000    0.000 1;
   30   61 100.00   1.00 60 0  0.00  0.00095 0.00915   0.5800    0.0000       0.00000 0    0.000    0.000 1;
   31   30 100.00   1.00 60 0  0.00  0.0013  0.0187    0.3330    0.0000       0.00000 0    0.000    0.000 1;
   31   53 100.00   1.00 60 0  0.00  0.0016  0.0163    0.2500    0.0000       0.00000 0    0.000    0.000 1;
   32   30 100.00   1.00 60 0  0.00  0.0024  0.0288    0.4880    0.0000       0.00000 0    0.000    0.000 1;
   33   32 100.00   1.00 60 0  0.00  0.0008  0.0099    0.1680    0.0000       0.00000 0    0.000    0.000 1;
   34   33 100.00   1.00 60 0  0.00  0.0011  0.0157    0.2020    0.0000       0.00000 0    0.000    0.000 1;
   34   35 100.00   1.00 60 0  1.00  0.0001  0.0074         0    0.9460       0.00000 0    0.000    0.000 1;
   36   34 100.00   1.00 60 0  0.00  0.0033  0.0111    1.4500    0.0000       0.00000 0    0.000    0.000 1;
   36   61 100.00   1.00 60 0  0.00  0.0011  0.0098    0.6800    0.0000       0.00000 0    0.000    0.000 1;
   37   68 100.00   1.00 60 0  0.00  0.0007  0.0089    0.1342    0.0000       0.00000 0    0.000    0.000 1;
   38   31 100.00   1.00 60 0  0.00  0.0011  0.0147    0.2470    0.0000       0.00000 0    0.000    0.000 1;
   38   33 100.00   1.00 60 0  0.00  0.0036  0.0444    0.6930    0.0000       0.00000 0    0.000    0.000 1;
   40   41 100.00   1.00 60 0  0.00  0.0060  0.0840    3.1500    0.0000       0.00000 0    0.000    0.000 1;
   40   48 100.00   1.00 60 0  0.00  0.0020  0.0220    1.2800    0.0000       0.00000 0    0.000    0.000 1;
   41   42 100.00   1.00 60 0  0.00  0.0040  0.0600    2.2500    0.0000       0.00000 0    0.000    0.000 1;
   42   18 100.00   1.00 60 0  0.00  0.0040  0.0600    2.2500    0.0000       0.00000 0    0.000    0.000 1;
   43   17 100.00   1.00 60 0  0.00  0.0005  0.0276         0    0.0000       0.00000 0    0.000    0.000 1;
   44   39 100.00   1.00 60 0  0.00       0  0.0411         0    0.0000       0.00000 0    0.000    0.000 1;
   44   43 100.00   1.00 60 0  0.00  0.0001  0.0011         0    0.0000       0.00000 0    0.000    0.000 1;
   45   35 100.00   1.00 60 0  0.00  0.0007  0.0175    1.3900    0.0000       0.00000 0    0.000    0.000 1;
   45   39 100.00   1.00 60 0  0.00       0  0.0839         0    0.0000       0.00000 0    0.000    0.000 1;
   45   44 100.00   1.00 60 0  0.00  0.0025  0.0730         0    0.0000       0.00000 0    0.000    0.000 1;
   46   38 100.00   1.00 60 0  0.00  0.0022  0.0284    0.4300    0.0000       0.00000 0    0.000    0.000 1;
   47   53 100.00   1.00 60 0  0.00  0.0013  0.0188    1.3100    0.0000       0.00000 0    0.000    0.000 1;
   48   47 100.00   1.00 60 0  0.00  0.00125 0.0134    0.8000    0.0000       0.00000 0    0.000    0.000 1;
   49   46 100.00   1.00 60 0  0.00  0.0018  0.0274    0.2700    0.0000       0.00000 0    0.000    0.000 1;
   51   45 100.00   1.00 60 0  0.00  0.0004  0.0105    0.7200    0.0000       0.00000 0    0.000    0.000 1;
   51   50 100.00   1.00 60 0  0.00  0.0009  0.0221    1.6200    0.0000       0.00000 0    0.000    0.000 1;
   52   37 100.00   1.00 60 0  0.00  0.0007  0.0082    0.1319    0.0000       0.00000 0    0.000    0.000 1;
   52   55 100.00   1.00 60 0  0.00  0.0011  0.0133    0.2138    0.0000       0.00000 0    0.000    0.000 1;
   54   53 100.00   1.00 60 0  0.00  0.0035  0.0411    0.6987    0.0000       0.00000 0    0.000    0.000 1;
   55   54 100.00   1.00 60 0  0.00  0.0013  0.0151    0.2572    0.0000       0.00000 0    0.000    0.000 1;
   56   55 100.00   1.00 60 0  0.00  0.0013  0.0213    0.2214    0.0000       0.00000 0    0.000    0.000 1;
   57   56 100.00   1.00 60 0  0.00  0.0008  0.0128    0.1342    0.0000       0.00000 0    0.000    0.000 1;
   58   57 100.00   1.00 60 0  0.00  0.0002  0.0026    0.0434    0.0000       0.00000 0    0.000    0.000 1;
   59   58 100.00   1.00 60 0  0.00  0.0006  0.0092    0.1130    0.0000       0.00000 0    0.000    0.000 1;
   60   57 100.00   1.00 60 0  0.00  0.0008  0.0112    0.1476    0.0000       0.00000 0    0.000    0.000 1;
   60   59 100.00   1.00 60 0  0.00  0.0004  0.0046    0.0780    0.0000       0.00000 0    0.000    0.000 1;
   61   60 100.00   1.00 60 0  0.00  0.0023  0.0363    0.3804    0.0000       0.00000 0    0.000    0.000 1;
   63   58 100.00   1.00 60 0  0.00  0.0007  0.0082    0.1389    0.0000       0.00000 0    0.000    0.000 1;
   63   62 100.00   1.00 60 0  0.00  0.0004  0.0043    0.0729    0.0000       0.00000 0    0.000    0.000 1;
   63   64 100.00   1.00 60 0  1.00  0.0016  0.0435         0    1.0600       0.00000 0    0.000    0.000 1;
   65   62 100.00   1.00 60 0  0.00  0.0004  0.0043    0.0729    0.0000       0.00000 0    0.000    0.000 1;
   65   64 100.00   1.00 60 0  1.00  0.0016  0.0435         0    1.0600       0.00000 0    0.000    0.000 1;
   66   56 100.00   1.00 60 0  0.00  0.0008  0.0129    0.1382    0.0000       0.00000 0    0.000    0.000 1;
   66   65 100.00   1.00 60 0  0.00  0.0009  0.0101    0.1723    0.0000       0.00000 0    0.000    0.000 1;
   67   66 100.00   1.00 60 0  0.00  0.0018  0.0217    0.3660    0.0000       0.00000 0    0.000    0.000 1;
   68   67 100.00   1.00 60 0  0.00  0.0009  0.0094    0.1710    0.0000       0.00000 0    0.000    0.000 1;
   27   53 100.00   1.00 60 0  0.00  0.0320  0.3200    0.4100    0.0000       0.00000 0    0.000    0.000 1;
    ];  



Syn.con = [ ...
   16  200.0 1.0  60  4 0.0041 0.0  0.0356 0.0071  0.0055   7.8   0.05 0.0334 0.0095000   0.0055  1.5   0.035 450.0 50    0 0 1  1  0.002;
    1  100.0 1.0  60  4 0.0125 0.0  0.1    0.031   0.025    10.2  0.05 0.069  0.0416667   0.025   1.5   0.035 84.0  4.0   0 0 1  1  0.002;
    2  100.0 1.0  60  4 0.035  0.0  0.295  0.0697  0.05     6.56  0.05 0.282  0.0933333   0.05    1.5   0.035 60.4  9.75  0 0 1  1  0.002;
    3  100.0 1.0  60  4 0.0304 0.0  0.2495 0.0531  0.045    5.7   0.05 0.237  0.0714286   0.045   1.5   0.035 71.6  10    0 0 1  1  0.002;
    4  100.0 1.0  60  4 0.0295 0.0  0.262  0.0436  0.035    5.69  0.05 0.258  0.0585714   0.035   1.5   0.035 57.2  10    0 0 1  1  0.002; 
    5  100.0 1.0  60  4 0.027  0.0  0.33   0.066   0.05     5.4   0.05 0.31   0.0883333   0.05    0.44  0.035 52.0  3     0 0 1  1  0.002;
    6  100.0 1.0  60  4 0.0224 0.0  0.254  0.05    0.04     7.3   0.05 0.241  0.0675000   0.04    0.4   0.035 69.6  10    0 0 1  1  0.002;
    7  100.0 1.0  60  4 0.0322 0.0  0.295  0.049   0.04     5.66  0.05 0.292  0.0666667   0.04    1.5   0.035 52.8  8     0 0 1  1  0.002;
    8  100.0 1.0  60  4 0.028  0.0  0.29   0.057   0.045    6.7   0.05 0.280  0.0766667   0.045   0.41  0.035 48.6  9     0 0 1  1  0.002;
    9  100.0 1.0  60  4 0.0298 0.0  0.2106 0.057   0.045    4.79  0.05 0.205  0.0766667   0.045   1.96  0.035 69.0  14    0 0 1  1  0.002;
   10  100.0 1.0  60  4 0.0199 0.0  0.169  0.0457  0.04     9.37  0.05 0.115  0.0615385   0.04    1.5   0.035 62.0  5.56  0 0 1  1  0.002;
   11  100.0 1.0  60  4 0.0103 0.0  0.128  0.018   0.012    4.1   0.05 0.123  0.0241176   0.012   1.5   0.035 56.4  13.6  0 0 1  1  0.002;
   12  100.0 1.0  60  4 0.022  0.0  0.101  0.031   0.025    7.4   0.05 0.095  0.0420000   0.025   1.5   0.035 184.6 13.5  0 0 1  1  0.002;
   13  200.0 1.0  60  4 0.0030 0.0  0.0296 0.0055  0.004    5.9   0.05 0.0286 0.0074000   0.004   1.5   0.035 496.0 33    0 0 1  1  0.002;
   14  100.0 1.0  60  4 0.0017 0.0  0.018  0.00285 0.0023   4.1   0.05 0.0173 0.0037931   0.0023  1.5   0.035 600.0 100   0 0 1  1  0.002;
   15  100.0 1.0  60  4 0.0017 0.0  0.018  0.00285 0.0023   4.1   0.05 0.0173 0.0037931   0.0023  1.5   0.035 600.0 100   0 0 1  1  0.002;
                            ];
   
                        
                        
Varname.bus = { ...
  'BUS-1 '; 'BUS-2 '; 'BUS-3 '; 'BUS-4 '; 'BUS-5 ';
  'BUS-6 '; 'BUS-7 '; 'BUS-8 '; 'BUS-9 '; 'BUS-10';
  'BUS-11'; 'BUS-12'; 'BUS-13'; 'BUS-14'; 'BUS-15';
  'BUS-16'; 'BUS-17'; 'BUS-18'; 'BUS-19'; 'BUS-20';
  'BUS-21'; 'BUS-22'; 'BUS-23'; 'BUS-24'; 'BUS-25';
  'BUS-26'; 'BUS-27'; 'BUS-28'; 'BUS-29'; 'BUS-30';
  'BUS-31'; 'BUS-32'; 'BUS-33'; 'BUS-34'; 'BUS-35';
  'BUS-36'; 'BUS-37'; 'BUS-38'; 'BUS-39'; 'BUS-40';
  'BUS-41'; 'BUS-42'; 'BUS-43'; 'BUS-44'; 'BUS-45';
  'BUS-46'; 'BUS-47'; 'BUS-48'; 'BUS-49'; 'BUS-50';
  'BUS-51'; 'BUS-52'; 'BUS-53'; 'BUS-54'; 'BUS-55';
  'BUS-56'; 'BUS-57'; 'BUS-58'; 'BUS-59'; 'BUS-60';
  'BUS-61'; 'BUS-62'; 'BUS-63'; 'BUS-64'; 'BUS-65';
  'BUS-66'; 'BUS-67'; 'BUS-68'};



Exc.con = [ ...
    2 2 10. -10. 40  0.02 0.058 0.62 1 0.785 0.01 0.07  0.91;
    3 2 10. -10. 40  0.02 0.058 0.62 1 0.785 0.01 0.07  0.91;
    4 2 10. -10. 40  0.02 0.058 0.62 1 0.785 0.01 0.07  0.91;
    5 2 10. -10. 40  0.02 0.058 0.62 1 0.785 0.01 0.07  0.91;
    6 2 10. -10. 40  0.02 0.058 0.62 1 0.785 0.01 0.07  0.91;
    7 2 10. -10. 40  0.02 0.058 0.62 1 0.785 0.01 0.07  0.91;
    8 2 10. -10. 40  0.02 0.058 0.62 1 0.785 0.01 0.07  0.91;
    9 2 10. -10. 40  0.02 0.058 0.62 1 0.785 0.01 0.07  0.91;
   10 2 5   -5  200  0.02 0.058 0.62 1 0.785 0.01 0.07  0.91;
   11 2 10. -10. 40  0.02 0.058 0.62 1 0.785 0.01 0.07  0.91;
   12 2 10. -10. 40  0.02 0.058 0.62 1 0.785 0.01 0.07  0.91;
   13 2 10. -10. 40  0.02 0.058 0.62 1 0.785 0.01 0.07  0.91;
    ];



Pss.con = [ ...
    9   2  1 0.1  -0.1 12/377 10 0.1 0.2 0.1 0.2  25  0.5  20  5  0.045  0.045  0.045  -0.045  1  0.95  0  1;  
    ];
